<?xml version="1.0" encoding="UTF-8" standalone="no"?>
<!DOCTYPE svg PUBLIC "-//W3C//DTD SVG 20010904//EN"
              "http://www.w3.org/TR/2001/REC-SVG-20010904/DTD/svg10.dtd">

<svg xmlns="http://www.w3.org/2000/svg"
     width="137.073mm" height="144.483mm"
     viewBox="0 0 518 546">
  <path id="Namnlös"
        fill="none" stroke="black" stroke-width="1"
        d="M 240.00,526.00
           C 234.67,515.00 233.33,508.33 232.00,507.33
             230.67,506.33 233.00,505.00 233.00,505.00
             233.00,505.00 236.33,506.00 236.33,506.00
             236.33,506.00 237.33,510.67 237.33,510.67
             237.33,510.67 239.33,513.33 239.33,513.33M 239.00,502.00
           C 239.00,502.00 239.67,500.00 239.67,500.00
             239.67,500.00 244.33,502.00 244.33,502.00
             244.33,502.00 244.67,504.67 245.00,505.33
             245.33,506.00 246.00,508.67 246.00,508.67
             246.00,508.67 245.33,499.67 245.33,499.67
             245.33,499.67 249.67,499.33 249.67,499.33
             249.67,499.33 253.00,505.00 253.00,505.00
             253.00,505.00 253.00,508.67 253.00,508.67
             253.00,508.67 253.00,500.00 253.00,500.00
             253.00,500.00 257.00,500.67 257.00,500.67
             257.00,500.67 258.33,504.33 258.33,505.00
             258.00,507.67 259.00,498.67 259.00,498.67
             259.00,498.67 261.67,497.67 261.67,497.67
             261.67,497.67 266.00,498.33 266.00,498.67
             266.00,499.00 266.00,500.33 266.00,501.67
             267.05,502.92 267.89,509.15 265.33,509.33M 269.67,498.67
           C 269.67,498.67 272.00,502.67 272.00,502.67
             272.00,502.67 270.67,506.67 270.67,506.67
             270.67,506.67 269.33,512.67 269.33,512.67
             269.33,512.67 276.00,501.33 276.00,501.33
             276.00,501.33 278.33,502.33 278.33,502.33
             278.33,502.33 278.33,508.33 278.33,508.33
             278.33,508.33 277.33,513.67 277.33,513.67
             277.33,513.67 282.67,505.00 282.67,505.33
             282.67,505.67 285.00,507.67 285.00,507.67
             285.00,507.67 284.33,512.33 284.33,512.33
             284.33,512.33 281.67,515.33 281.67,515.33
             281.67,515.33 287.00,515.00 287.00,515.00
             287.00,515.00 289.67,515.67 289.67,516.00
             289.67,516.33 289.33,519.67 289.00,520.00
             288.67,520.33 286.33,522.67 286.33,522.67
             286.33,522.67 285.00,524.33 285.00,524.33
             285.00,524.33 288.33,524.33 288.67,524.33
             289.00,524.33 289.00,528.00 288.67,528.33
             288.33,528.67 283.67,531.00 283.67,531.00
             283.67,531.00 278.00,533.33 278.00,533.33
             278.00,533.33 267.00,533.00 267.00,533.00
             267.00,533.00 258.33,532.00 258.33,532.00
             258.33,532.00 250.33,530.00 250.33,530.00
             250.33,530.00 247.33,530.00 247.33,530.00M 237.67,521.33" />
</svg>
