<?xml version="1.0" encoding="UTF-8" standalone="no"?>
<!DOCTYPE svg PUBLIC "-//W3C//DTD SVG 20010904//EN"
              "http://www.w3.org/TR/2001/REC-SVG-20010904/DTD/svg10.dtd">

<svg xmlns="http://www.w3.org/2000/svg"
     width="137.073mm" height="144.483mm"
     viewBox="0 0 518 546">
  <path id="Namnlös #5"
        fill="none" stroke="black" stroke-width="1"
        d="M 267.33,499.33
           C 267.33,499.33 268.00,495.67 268.33,495.67
             268.67,495.67 270.00,490.00 270.00,490.00
             270.00,490.00 271.67,484.67 271.67,484.67
             271.67,484.67 270.00,479.67 270.00,479.67
             270.00,479.67 266.00,477.67 266.00,477.67
             266.00,477.67 262.67,473.67 263.33,473.33
             264.00,473.00 272.67,472.67 273.00,472.67
             272.83,472.48 272.41,468.26 275.33,469.00
             275.33,468.67 273.00,465.33 273.00,465.33
             273.00,465.33 270.00,465.67 270.00,465.67
             270.00,465.67 264.67,463.67 264.67,463.67
             264.67,463.67 273.67,463.33 273.67,463.33
             273.67,463.33 274.67,460.33 274.67,460.33
             274.67,460.33 274.00,456.67 274.00,456.67
             274.00,456.67 271.33,455.67 271.00,455.67
             270.67,455.67 266.33,456.33 266.33,456.33
             266.33,456.33 261.33,455.33 262.00,455.00
             262.67,454.67 273.67,453.33 273.67,453.33
             273.67,453.33 276.00,451.33 276.67,450.67
             277.33,450.00 277.33,447.33 277.33,447.33
             277.33,447.33 275.67,446.00 275.00,446.00
             274.59,445.19 267.24,444.22 266.00,446.00
             265.33,446.00 261.67,446.00 261.67,446.00
             261.67,446.00 262.33,443.67 263.00,443.33
             263.91,442.43 272.03,442.26 272.33,442.33
             272.67,442.33 273.00,440.33 273.33,440.00
             273.67,439.67 271.67,434.67 271.67,434.67
             271.67,434.67 268.67,431.00 268.67,430.00
             268.67,429.00 265.33,425.00 266.67,424.00
             266.76,423.17 267.27,419.86 271.67,419.33
             267.93,417.62 274.17,414.60 274.67,414.33
             275.00,414.00 274.33,408.67 274.67,408.67
             275.00,408.67 276.67,407.67 278.00,407.00
             279.33,406.33 283.33,401.67 283.33,401.67
             280.61,401.05 283.22,396.67 285.00,397.00
             285.33,397.00 286.33,391.00 286.33,391.00
             286.33,391.00 287.00,384.67 287.00,384.67
             287.00,384.67 289.33,381.33 289.33,381.33
             289.33,381.33 293.00,381.00 293.00,381.00
             293.00,381.00 293.67,383.67 294.00,384.00
             298.00,382.00 302.67,382.00 302.67,382.00
             302.67,382.00 303.33,380.00 303.33,380.00
             303.33,380.00 301.00,375.67 301.00,375.67
             301.00,375.67 300.33,372.00 300.33,372.00
             300.33,372.00 303.67,371.67 304.00,371.67
             304.33,371.67 307.67,371.33 308.00,372.00
             308.33,372.67 311.67,373.67 312.00,373.67
             312.33,373.67 313.33,367.67 313.33,367.67
             313.33,367.67 315.00,366.67 316.33,366.67
             317.67,366.67 318.33,364.33 318.33,364.33
             318.33,364.33 321.00,363.00 321.33,363.00
             321.67,363.00 321.67,361.00 321.67,361.00
             321.67,361.00 316.67,358.67 316.67,358.67
             316.67,358.67 312.67,356.00 312.67,356.00
             312.67,356.00 317.67,354.33 318.67,354.33
             319.67,354.33 323.00,354.67 323.33,354.67
             323.67,354.67 324.00,347.67 324.00,347.67
             324.00,347.67 322.67,344.67 322.33,344.67
             322.00,344.67 319.33,344.67 319.33,344.67
             319.33,344.67 318.33,342.33 318.67,342.00
             319.00,341.67 321.67,340.33 322.00,340.00
             322.33,339.67 324.33,335.33 324.67,334.67
             325.00,334.00 326.00,330.67 326.00,330.67
             326.00,330.67 326.67,328.33 326.67,328.33
             326.67,328.33 326.00,324.33 326.00,324.33
             326.00,324.33 323.33,320.33 324.00,319.67
             325.67,317.00 323.67,312.00 323.67,312.00
             323.67,312.00 320.33,317.00 320.00,317.33
             319.67,317.67 316.67,320.67 316.33,320.67
             316.00,320.67 314.00,321.67 314.00,321.67
             314.00,321.67 313.33,319.67 313.67,319.33
             314.00,319.00 317.67,314.33 318.00,314.00
             318.33,313.67 318.67,312.00 319.67,311.33
             320.67,310.67 319.67,306.33 319.67,306.33
             319.67,306.33 316.00,306.00 316.00,306.00
             316.00,306.00 311.67,308.67 311.33,309.67
             311.00,310.67 309.67,312.67 309.67,314.00
             309.67,315.33 308.67,318.33 308.67,318.33M 310.67,303.33
           C 310.67,303.33 307.67,303.00 306.67,303.00
             305.67,303.00 303.33,303.67 303.33,304.00
             303.33,304.33 298.67,303.67 298.67,303.67
             298.67,303.67 295.33,302.67 294.67,302.33
             294.00,302.00 291.67,301.00 291.33,301.00
             291.00,301.00 287.67,306.67 287.67,306.67
             287.67,306.67 283.67,303.67 284.00,303.67
             284.33,303.67 283.67,305.00 283.67,306.00
             283.67,307.00 282.67,311.00 283.00,311.67
             283.33,312.33 286.33,316.67 287.00,317.00
             287.67,317.33 282.67,315.67 282.67,315.67
             282.67,315.67 280.33,313.00 280.33,313.00
             280.33,313.00 278.67,320.67 279.00,321.00
             279.33,321.33 274.33,320.00 274.33,320.00
             274.33,320.00 272.33,320.67 272.33,321.00
             272.33,321.33 272.67,323.33 273.33,324.00
             274.00,324.67 281.67,325.33 281.67,325.33
             281.67,325.33 278.33,327.67 277.67,328.67
             277.00,329.67 272.00,330.00 272.00,330.33
             272.00,330.67 271.67,335.33 272.33,335.67
             274.67,337.67 269.67,339.00 269.67,339.33
             269.67,339.67 269.67,341.67 269.67,343.00
             269.67,344.33 270.33,345.00 272.00,345.33
             273.67,345.67 279.67,343.00 279.33,343.00
             279.00,343.00 278.00,345.67 277.67,346.00
             277.33,346.33 276.67,347.67 276.00,348.00
             275.33,348.33 271.00,350.67 271.00,350.67
             271.00,350.67 271.00,352.33 271.00,354.33
             271.00,356.33 271.67,358.33 272.00,358.67
             274.67,359.33 277.33,359.00 278.00,358.67
             278.67,358.33 279.33,354.67 280.67,354.00
             283.00,354.00 281.67,362.00 281.67,362.33
             281.67,362.67 280.00,369.00 280.00,369.33
             280.00,369.67 272.00,367.67 272.00,367.67
             272.00,367.67 271.67,369.67 271.67,370.00
             271.67,370.33 270.33,375.67 272.00,376.00
             273.67,376.33 274.33,376.33 276.33,377.00
             278.33,377.67 280.00,378.33 281.33,378.67
             282.67,379.00 286.67,380.33 287.00,381.00M 284.33,390.67M 278.33,402.33M 264.00,427.33
           C 263.00,431.00 267.67,435.33 268.00,435.33
             268.33,435.33 269.67,442.00 269.67,442.00M 257.00,443.33M 272.33,449.00
           C 272.33,449.00 272.33,451.00 272.33,451.33M 270.33,461.00
           C 270.33,461.00 267.33,461.33 267.33,461.33M 267.00,470.67" />
</svg>
