<?xml version="1.0" encoding="UTF-8" standalone="no"?>
<!DOCTYPE svg PUBLIC "-//W3C//DTD SVG 20010904//EN"
              "http://www.w3.org/TR/2001/REC-SVG-20010904/DTD/svg10.dtd">

<svg xmlns="http://www.w3.org/2000/svg"
     width="67.2135mm" height="19.5819mm"
     viewBox="0 0 254 74">
  <path id="Namnlös #2"
        fill="none" stroke="black" stroke-width="1"
        d="M 177.00,46.50
           C 177.00,46.50 179.25,48.25 179.50,48.25
             179.75,48.25 180.25,51.00 180.25,51.25
             180.25,51.50 180.25,55.50 180.25,56.00
             180.25,56.50 183.75,58.00 183.75,58.00
             183.75,58.00 187.75,55.75 187.75,55.75
             187.75,55.75 189.00,53.00 189.00,53.00
             189.00,53.00 189.25,49.50 189.25,49.50
             189.25,49.50 192.00,48.75 192.25,48.75
             192.50,48.75 194.00,47.75 194.00,47.75
             194.00,47.75 197.50,47.25 197.50,47.25
             197.50,47.25 204.75,45.75 204.75,45.75
             204.75,45.75 204.75,44.25 204.75,44.25
             204.75,44.25 204.75,44.00 206.25,43.75
             207.75,43.50 208.50,42.75 209.50,42.75
             210.95,40.77 189.94,47.86 183.00,46.75
             183.00,46.75 186.75,48.00 186.75,48.00M 197.25,41.25M 204.50,40.50
           C 204.50,40.50 208.75,40.00 208.75,40.00
             208.75,40.00 211.00,39.00 211.00,39.00
             211.00,39.00 213.50,38.25 213.75,38.25
             214.00,38.25 216.75,37.50 216.75,37.50
             216.75,37.50 219.75,36.25 219.75,36.25
             219.75,36.25 223.25,34.75 223.25,34.75
             223.25,34.75 225.00,33.75 225.00,33.75
             225.00,33.75 227.00,31.75 227.00,31.75
             227.00,31.75 228.75,30.00 228.75,30.00
             228.75,30.00 231.50,28.25 231.50,28.25
             231.50,28.25 235.75,27.25 235.75,27.25
             235.75,27.25 238.25,27.00 238.75,27.25
             239.25,27.50 240.75,29.50 240.75,29.75
             240.75,30.00 238.00,32.75 237.50,33.00
             237.00,33.25 234.25,33.75 233.25,34.25
             232.25,34.75 229.00,36.25 228.75,36.25
             228.50,36.25 226.00,38.25 225.00,39.00
             224.00,39.75 223.50,39.50 222.50,40.25
             221.50,41.00 218.00,41.75 217.50,42.25
             217.00,42.75 215.00,43.25 215.00,43.25
             215.00,43.25 212.50,44.50 212.25,44.75
             212.00,45.00 211.00,45.00 210.50,45.50M 201.25,50.00
           C 201.25,50.00 195.50,50.50 195.50,50.50
             195.50,50.50 192.75,52.25 192.75,52.25
             192.75,52.25 192.25,53.50 192.25,53.75
             192.25,54.00 195.50,54.25 195.75,54.25
             196.00,54.25 200.50,52.50 200.50,52.50
             200.50,52.50 206.00,50.25 206.00,50.25
             206.00,50.25 208.25,48.75 208.50,48.75
             208.75,48.75 210.00,48.00 210.25,47.75
             210.50,47.50 214.50,46.25 214.50,46.25
             214.50,46.25 219.75,44.50 219.75,44.50
             219.75,44.50 222.25,42.25 222.25,42.25
             220.00,44.95 235.27,38.44 235.00,38.00
             235.00,38.00 231.75,37.25 231.75,37.25
             231.75,37.25 239.00,35.00 239.00,35.00
             238.74,34.74 242.50,32.52 243.50,33.50
             243.50,33.50 247.00,31.00 247.00,31.00
             247.00,31.00 249.25,30.75 249.25,30.75
             248.81,30.53 249.68,27.87 252.50,29.25M 183.75,55.00M 192.75,41.50M 189.50,45.00" />
</svg>
