<?xml version="1.0" encoding="UTF-8" standalone="no"?>
<!DOCTYPE svg PUBLIC "-//W3C//DTD SVG 20010904//EN"
              "http://www.w3.org/TR/2001/REC-SVG-20010904/DTD/svg10.dtd">

<svg xmlns="http://www.w3.org/2000/svg"
     width="137.073mm" height="144.483mm"
     viewBox="0 0 518 546">
  <path id="Namnlös #7"
        fill="none" stroke="black" stroke-width="1"
        d="M 285.00,505.00
           C 285.00,505.00 285.67,500.67 285.67,500.67
             285.67,500.67 286.33,494.33 286.33,494.33
             286.33,494.33 287.33,491.33 288.67,490.00
             292.33,483.00 292.00,481.67 292.67,481.00
             293.33,480.33 294.33,477.33 295.00,477.00
             296.67,470.67 296.33,468.33 296.33,468.33
             296.33,468.33 296.00,466.67 296.33,466.00
             296.67,465.33 296.67,458.67 297.00,458.33
             297.33,458.00 296.67,455.67 296.67,455.67
             296.67,455.67 295.33,454.67 295.33,453.67
             295.33,452.67 294.33,449.00 294.33,448.67
             294.33,448.33 294.67,442.67 294.67,442.67
             294.67,442.67 298.00,438.33 299.67,438.00
             301.33,437.67 301.00,435.67 301.33,435.33
             301.67,435.00 301.67,431.00 302.00,430.67
             302.33,430.33 302.33,427.33 302.33,427.33
             302.33,427.33 300.00,425.00 300.00,425.00
             300.00,425.00 298.67,424.00 298.00,423.67
             297.33,423.33 293.67,423.00 293.33,423.00
             293.00,423.00 291.33,423.00 291.00,423.00
             290.67,423.00 289.00,422.00 289.33,421.33
             289.67,420.67 289.67,418.00 290.33,418.00
             291.00,418.00 292.00,417.00 293.00,417.00
             294.00,417.00 295.00,417.00 296.67,417.00
             298.33,417.00 299.33,416.67 301.00,416.67
             302.67,416.67 304.67,415.33 305.67,415.33
             306.67,415.33 308.67,414.33 309.33,414.33
             310.00,414.33 311.00,413.00 311.67,412.33
             312.33,411.67 312.33,409.67 312.33,409.67
             312.33,409.67 311.00,407.00 311.00,406.67
             311.00,406.33 309.33,403.33 308.67,403.00
             308.00,402.67 304.67,400.33 304.67,400.00
             304.67,399.67 303.67,397.67 302.67,397.33
             301.67,397.00 301.00,395.67 299.00,395.67
             297.00,395.67 295.67,395.33 294.67,395.67
             306.29,406.11 296.46,401.13 293.67,399.00M 303.33,404.00
           C 304.33,404.67 304.33,410.00 304.33,410.00
             304.33,410.00 303.67,411.00 303.00,411.67
             302.33,412.33 301.67,414.33 301.00,414.33
             300.33,414.33 297.67,414.33 297.33,414.33
             297.00,414.33 294.33,414.33 294.33,414.33
             294.33,414.33 292.33,414.00 292.00,414.33
             291.67,414.67 289.67,415.00 289.67,415.33
             286.67,418.00 282.67,419.67 282.67,419.67
             282.67,419.67 283.33,423.33 283.67,423.33
             284.00,423.33 285.33,426.33 285.33,426.33
             285.33,426.33 289.33,427.00 289.33,427.00
             289.33,427.00 292.67,428.33 293.00,428.33
             293.33,428.33 296.33,428.33 296.67,428.33
             297.00,428.33 296.00,432.33 296.00,432.33
             296.00,432.33 294.00,436.33 294.00,436.33
             294.00,436.33 290.67,440.33 290.67,440.33
             290.67,440.33 286.67,447.00 286.33,447.33
             286.00,447.67 285.33,449.33 285.33,449.67
             283.67,455.33 282.67,456.67 282.33,457.33
             282.00,458.00 281.33,459.67 281.00,460.33
             280.67,461.00 278.67,467.67 278.67,467.67
             278.67,467.67 278.67,471.00 278.67,471.00
             278.67,471.00 278.33,474.33 278.67,474.67
             279.00,475.00 278.67,477.00 279.00,477.33
             279.33,477.67 279.00,479.67 279.33,479.67
             279.67,479.67 279.33,482.33 279.33,482.67
             279.33,483.00 281.33,490.33 281.33,491.33
             281.33,492.33 282.33,498.33 282.33,498.33" />
</svg>
