<?xml version="1.0" encoding="UTF-8" standalone="no"?>
<!DOCTYPE svg PUBLIC "-//W3C//DTD SVG 20010904//EN"
              "http://www.w3.org/TR/2001/REC-SVG-20010904/DTD/svg10.dtd">

<svg xmlns="http://www.w3.org/2000/svg"
     width="137.073mm" height="144.483mm"
     viewBox="0 0 518 546">
  <path id="Namnlös #6"
        fill="none" stroke="black" stroke-width="1"
        d="M 234.50,286.50
           C 234.50,286.50 230.50,280.50 230.50,280.50
             230.50,280.50 230.00,276.00 230.00,276.00
             230.00,276.00 227.00,273.50 227.00,273.00
             227.00,272.50 228.50,267.00 228.50,267.00
             228.50,267.00 226.00,259.50 226.00,259.50
             226.00,259.50 226.00,256.00 226.00,255.50
             226.00,255.00 225.00,249.50 225.00,249.50
             225.00,249.50 225.00,241.00 225.00,241.00
             225.00,241.00 225.00,238.50 225.00,237.00
             225.00,235.50 226.00,227.50 226.50,227.50
             227.00,227.50 239.50,216.50 239.50,216.50
             239.50,216.50 246.50,213.50 246.50,213.50
             246.50,213.50 250.00,212.00 251.00,212.00
             252.00,212.00 256.00,211.00 257.00,211.00
             258.00,211.00 262.50,210.50 265.50,210.00
             268.50,209.50 273.00,208.50 275.00,208.50
             277.00,208.50 280.00,210.00 280.50,210.50
             281.00,211.00 282.50,214.00 284.00,214.50
             285.50,215.00 285.00,215.00 288.00,217.00
             291.00,219.00 292.50,218.50 296.00,222.50
             299.50,226.50 298.50,231.50 299.00,233.00
             299.50,234.50 302.00,248.00 302.50,248.00
             303.00,248.00 303.00,251.50 303.50,252.00
             304.00,252.50 304.00,255.00 303.50,256.00
             303.00,257.00 300.50,262.50 300.50,262.50
             300.50,262.50 298.50,268.50 298.50,269.00
             298.50,269.50 296.50,272.50 296.50,272.50
             296.50,272.50 295.00,277.50 295.00,277.50
             295.00,277.50 293.50,280.00 293.50,280.50
             293.50,281.00 292.00,284.00 292.00,284.00
             292.00,284.00 285.00,283.50 285.00,283.50
             285.00,283.50 278.50,283.50 278.50,283.50
             278.50,283.50 272.00,283.00 272.00,282.50
             272.00,282.00 263.50,282.00 261.00,282.00
             258.50,282.00 253.50,282.00 253.00,282.00
             252.50,282.00 248.00,283.50 247.50,283.50
             247.00,283.50 242.50,285.00 242.50,285.00" />
</svg>
