<?xml version="1.0" encoding="UTF-8" standalone="no"?>
<!DOCTYPE svg PUBLIC "-//W3C//DTD SVG 20010904//EN"
              "http://www.w3.org/TR/2001/REC-SVG-20010904/DTD/svg10.dtd">

<svg xmlns="http://www.w3.org/2000/svg"
     width="137.073mm" height="144.483mm"
     viewBox="0 0 518 546">
  <path id="Namnlös #4"
        fill="none" stroke="black" stroke-width="1"
        d="M 267.33,490.33
           C 267.33,490.33 264.00,488.00 264.00,488.00
             264.00,488.00 262.00,484.00 262.00,484.00
             262.00,484.00 257.67,479.00 258.00,478.67
             258.33,478.33 255.00,473.67 255.00,473.67
             255.00,473.67 253.00,466.33 253.00,466.33
             253.00,466.33 250.67,462.00 250.67,462.00
             250.67,462.00 247.00,454.00 247.00,454.00
             247.00,454.00 246.00,449.33 246.00,449.33
             246.00,449.33 246.00,445.33 246.00,445.33
             246.00,445.33 244.67,441.00 244.67,441.00
             244.67,441.00 243.33,433.67 243.33,433.67
             243.33,433.67 241.00,428.67 241.33,428.33
             241.67,428.00 241.67,420.67 241.67,420.33
             241.67,420.00 243.33,414.00 243.67,414.00
             244.00,414.00 246.33,409.00 246.33,409.00
             246.33,409.00 247.67,402.33 247.67,402.33
             247.67,402.33 247.33,397.00 247.33,397.00
             247.33,397.00 245.00,390.67 245.00,390.67
             245.00,390.67 243.00,385.33 243.00,385.33
             243.00,385.33 243.33,381.67 243.67,381.67
             244.00,381.67 247.00,380.00 247.67,380.00
             248.33,380.00 252.00,379.67 252.33,379.67
             252.67,379.67 254.00,376.67 254.00,376.67
             254.00,376.67 251.00,373.67 251.00,373.67
             251.00,373.67 249.00,373.33 249.00,373.33
             249.00,373.33 246.33,371.67 246.33,371.67
             246.33,371.67 251.00,368.00 251.00,368.00
             251.00,368.00 251.67,363.33 251.67,363.33
             251.67,363.33 247.67,362.00 247.67,362.00
             247.67,362.00 243.33,361.00 243.33,361.00
             243.33,361.00 241.33,358.33 241.67,358.33
             242.00,358.33 246.67,358.33 247.33,358.67
             248.00,359.00 257.33,361.33 257.33,361.33
             257.33,361.33 262.67,362.33 262.67,362.33
             262.67,362.33 267.33,359.33 267.33,359.33
             267.33,359.33 268.67,357.33 268.67,357.33
             268.67,357.33 265.33,352.00 265.33,352.00
             265.33,352.00 263.00,345.33 263.00,345.33
             263.00,345.33 257.00,346.33 257.00,346.33
             257.00,346.33 249.33,347.33 248.67,347.33
             248.00,347.33 244.00,348.67 244.00,348.67
             244.00,348.67 239.67,348.33 239.67,348.33
             239.67,348.33 237.67,346.33 238.00,346.33
             238.33,346.33 240.33,345.00 241.00,345.00
             241.67,345.00 247.00,345.00 247.33,345.00
             247.67,345.00 249.00,342.67 249.33,342.67
             249.67,342.67 249.00,339.33 249.00,339.33
             249.00,339.33 243.00,334.67 242.67,334.67
             242.33,334.67 238.67,336.33 238.00,336.67
             237.33,337.00 233.33,340.33 233.33,340.33
             233.33,340.33 231.00,339.67 231.00,339.67
             231.00,339.67 232.67,335.00 233.00,335.00
             233.33,335.00 236.00,332.33 236.33,332.33
             236.67,332.33 239.00,332.00 239.33,332.00
             239.67,332.00 245.33,333.67 245.33,333.67
             245.33,333.67 249.67,335.33 250.00,335.67
             252.47,332.08 256.14,338.47 256.33,339.33
             257.00,339.33 262.00,339.67 262.33,339.67
             262.67,339.67 264.67,337.67 264.67,337.67
             264.67,337.67 264.67,334.33 264.67,334.33
             264.67,334.33 262.33,331.00 262.67,331.00
             263.00,331.00 257.67,331.00 257.67,331.00
             257.67,331.00 254.00,328.67 254.00,328.67
             254.00,328.67 252.33,325.67 252.33,325.67
             252.33,325.67 252.33,321.67 252.67,321.67
             253.00,321.67 258.33,321.00 258.33,321.00
             258.33,321.00 262.33,323.00 263.00,323.00
             263.67,323.00 268.00,324.00 268.00,324.00
             268.00,324.00 272.33,322.33 272.33,322.33
             272.33,322.33 271.67,319.67 271.67,319.67
             271.67,319.67 270.33,316.00 270.33,316.00
             270.33,316.00 266.33,316.00 266.00,316.00
             265.67,316.00 260.33,311.33 259.67,311.33
             259.00,311.33 252.67,311.67 252.00,312.33
             251.33,313.00 247.67,316.00 247.67,316.00
             247.67,316.00 246.33,320.00 246.33,320.00
             246.33,320.00 243.67,322.67 243.67,322.67
             243.67,322.67 240.67,324.00 240.67,324.00
             240.67,324.00 236.00,321.67 236.00,321.67
             236.00,321.67 238.67,318.33 239.33,318.00
             238.90,315.37 243.31,312.55 244.00,314.00
             244.00,314.00 243.33,311.00 244.00,310.67
             244.67,310.33 242.67,309.00 242.67,309.00
             242.67,309.00 237.00,310.67 237.00,310.67
             237.00,310.67 236.33,307.00 236.33,307.00
             236.33,307.00 232.67,307.33 232.67,307.67
             232.67,308.00 232.33,310.33 232.33,310.67
             232.33,311.00 233.00,314.00 233.33,314.00
             233.67,314.00 230.33,315.33 230.33,315.33
             230.33,315.33 227.00,314.00 227.00,313.67
             227.00,313.33 228.33,311.33 228.33,311.33
             228.33,311.33 232.00,304.67 232.00,304.67
             232.00,304.67 236.67,304.00 236.67,304.00
             236.67,304.00 238.67,305.33 239.00,305.33
             239.33,305.33 242.67,306.33 243.00,306.33
             243.33,306.33 243.33,302.33 243.33,302.00
             243.33,301.67 242.33,299.67 243.33,299.67
             244.33,299.67 246.00,300.67 246.00,301.00
             246.00,301.33 246.00,304.00 246.00,304.00
             246.00,304.00 248.67,304.00 248.33,304.67
             248.00,305.33 247.33,307.67 247.33,308.00
             247.33,308.33 248.67,311.00 249.00,311.00M 255.67,306.67
           C 255.67,306.67 252.67,303.33 252.67,303.33
             252.67,303.33 250.33,303.00 250.33,303.00
             250.33,303.00 246.67,298.33 246.67,298.33
             246.67,298.33 243.33,295.00 242.33,295.67
             241.33,296.33 239.67,298.67 239.67,299.33
             239.67,300.00 240.00,302.00 240.00,302.00
             240.00,302.00 233.67,301.67 233.67,301.67M 226.67,316.00
           C 227.00,316.33 230.00,318.67 230.67,318.67
             231.33,318.67 235.67,317.33 236.00,317.33M 237.00,326.00
           C 237.33,326.00 241.00,326.67 241.67,326.67
             242.33,326.67 246.67,326.67 247.00,326.67
             247.33,326.67 248.33,324.67 248.67,324.33
             249.00,324.00 249.67,321.00 250.00,320.67
             250.33,320.33 252.00,317.67 252.33,317.67
             252.67,317.67 254.67,316.33 255.33,316.33
             256.00,316.33 262.33,315.00 262.33,315.00M 260.33,336.67
           C 260.33,336.67 257.33,337.00 257.33,337.00M 248.67,332.00
           C 248.67,332.00 245.00,328.67 245.00,328.67
             245.00,328.67 240.00,330.00 240.00,330.00
             240.00,330.00 236.67,329.33 236.67,329.33
             236.67,329.33 233.00,331.33 233.00,331.33
             233.00,331.33 231.00,333.67 231.00,333.67
             231.00,333.67 228.67,335.67 228.67,336.00
             228.67,336.33 228.00,340.67 228.67,341.00
             229.33,341.33 231.00,342.67 231.33,342.67
             231.67,342.67 233.33,343.33 234.00,343.33
             234.67,343.33 238.33,339.00 239.33,338.67M 246.00,341.33
           C 246.00,341.33 241.67,342.33 241.67,342.33M 235.33,346.67
           C 235.33,347.33 236.33,350.33 236.33,350.33
             236.33,350.33 239.67,352.33 239.67,352.33
             239.67,352.33 242.67,352.67 243.33,352.67
             244.00,352.67 247.67,352.00 247.67,352.00
             247.67,352.00 251.00,352.33 251.33,352.00
             251.67,351.67 256.00,350.67 256.67,350.33
             257.33,350.00 263.00,349.67 263.00,349.67M 264.67,356.00
           C 264.33,356.33 263.33,358.00 263.00,358.33M 254.00,356.67M 239.33,359.00M 246.33,364.33
           C 246.67,364.33 245.00,366.33 245.00,366.33
             245.00,366.33 242.33,367.00 242.33,367.00
             242.33,367.00 238.33,366.67 238.00,367.67
             237.67,368.67 237.33,371.67 237.33,371.67
             237.33,371.67 238.67,374.33 239.00,374.33
             242.00,374.67 242.00,378.67 242.00,378.67
             242.00,378.67 238.00,382.00 237.67,382.00
             237.33,382.00 235.33,383.33 233.67,385.00
             232.00,386.67 228.67,390.33 228.67,391.00
             228.67,391.67 227.00,395.00 227.00,395.67
             227.00,396.33 225.67,399.67 225.67,400.33
             225.67,401.00 224.33,405.33 224.33,405.67
             224.33,406.00 223.67,411.00 224.00,412.33
             224.33,413.67 226.33,415.00 226.33,415.67
             226.33,416.33 227.33,424.67 227.67,425.00
             228.00,425.33 229.67,427.33 230.00,428.00
             230.33,428.67 231.00,432.67 231.33,433.00
             231.67,433.33 232.67,437.33 233.33,438.00
             234.00,438.67 235.67,441.00 235.67,441.67
             235.67,442.33 235.67,445.67 236.33,447.00
             237.00,448.33 239.00,451.67 239.33,451.67
             239.67,451.67 242.67,455.67 243.00,456.33" />
</svg>
