<?xml version="1.0" encoding="UTF-8" standalone="no"?>
<!DOCTYPE svg PUBLIC "-//W3C//DTD SVG 20010904//EN"
              "http://www.w3.org/TR/2001/REC-SVG-20010904/DTD/svg10.dtd">

<svg xmlns="http://www.w3.org/2000/svg"
     width="137.073mm" height="144.483mm"
     viewBox="0 0 518 546">
  <path id="Namnlös #8"
        fill="none" stroke="black" stroke-width="1"
        d="M 287.67,508.33
           C 287.67,508.33 288.67,506.33 288.67,506.33
             288.67,506.33 290.33,504.67 291.33,504.00
             292.33,503.33 293.67,501.67 293.67,501.67
             293.67,501.67 297.33,498.33 297.33,498.33
             297.33,498.33 299.00,497.00 299.00,496.67
             299.00,496.33 300.33,494.00 301.00,493.67
             301.67,493.33 303.33,492.00 304.00,491.67
             304.67,491.33 306.67,488.33 306.67,488.00
             306.67,487.67 307.33,484.33 307.33,484.33
             307.33,484.33 309.33,482.00 309.67,481.67
             310.00,481.33 311.00,478.67 311.67,478.00
             312.33,477.33 314.00,474.33 314.33,473.67
             314.67,473.00 315.67,469.00 315.67,469.00
             315.67,469.00 315.67,464.00 316.00,463.67
             316.33,463.33 316.33,456.00 316.33,455.67
             316.33,455.33 316.33,453.67 317.00,452.33
             317.67,451.00 317.33,445.67 318.33,445.00
             319.33,444.33 319.67,442.67 320.33,442.00
             321.00,441.33 324.00,437.00 325.00,436.33
             326.00,435.67 327.33,432.67 327.67,432.00
             328.00,431.33 328.00,427.67 329.00,426.33
             330.00,425.00 328.33,418.67 328.33,418.67
             330.33,417.00 322.22,416.98 322.00,417.67
             322.00,417.67 318.33,417.33 318.33,417.33
             318.33,417.33 317.00,414.33 317.00,413.67
             317.00,413.00 317.00,410.00 317.00,409.67
             317.00,409.33 318.00,407.67 319.00,407.33
             323.00,407.00 327.33,407.00 327.33,407.00
             327.33,407.00 326.00,409.00 326.33,409.33
             326.67,409.67 331.33,410.67 331.33,410.67
             331.33,410.67 335.67,413.00 335.67,413.00
             335.67,413.00 337.00,413.33 337.67,413.33
             338.33,413.33 343.00,409.67 343.00,409.67
             343.00,409.67 343.67,405.67 343.67,405.67
             343.67,405.67 341.00,403.33 341.00,403.33
             341.00,403.33 337.67,401.67 337.33,401.67
             337.00,401.67 332.00,402.67 332.00,402.67
             332.00,402.67 329.00,403.00 329.00,403.00
             329.00,403.00 322.67,401.33 322.67,401.33
             322.67,401.33 320.33,399.67 320.33,399.33
             320.33,399.00 320.33,397.00 320.33,396.67
             320.33,396.33 322.00,395.00 322.67,395.00
             323.33,395.00 325.33,394.67 326.33,395.00
             327.33,395.33 331.00,396.00 331.33,396.00
             331.67,396.00 331.67,391.00 332.00,391.00
             332.33,391.00 331.67,389.00 331.67,389.00
             331.67,389.00 330.67,384.67 330.67,384.33
             330.67,384.00 335.33,386.33 336.00,386.67
             336.67,387.00 335.00,387.33 336.00,389.33
             337.00,391.33 339.33,395.00 339.33,395.00
             339.33,395.00 341.00,395.67 341.67,395.67
             342.33,395.67 343.00,394.33 343.67,394.00
             344.33,393.67 342.00,390.33 342.00,390.33
             342.00,390.33 341.33,387.00 341.33,386.33
             341.33,385.67 341.67,382.67 342.33,382.33
             343.00,382.00 349.00,387.67 349.33,388.00
             349.67,388.33 351.33,391.00 352.00,391.33
             353.67,389.67 351.33,388.33 352.00,388.00
             352.67,387.67 354.00,385.33 354.33,385.33
             354.67,385.33 350.00,381.67 350.00,381.67
             350.00,381.67 346.33,381.67 347.00,381.33
             347.67,381.00 346.67,376.33 349.67,376.67
             350.33,376.67 344.00,379.00 344.00,379.00
             344.00,379.00 342.00,375.00 342.00,375.00
             342.00,375.00 347.00,373.00 347.67,373.00
             350.67,373.33 353.33,378.00 353.33,378.00
             353.33,378.00 352.67,380.33 353.33,380.67
             354.00,381.00 355.67,381.00 356.00,381.67
             356.33,382.33 356.33,385.67 356.33,385.67
             356.33,385.67 350.33,394.00 350.33,394.00
             350.33,394.00 347.67,393.33 347.67,393.33
             347.67,393.33 344.33,387.67 344.67,387.67M 339.00,382.00M 340.33,377.67
           C 340.33,377.67 336.00,379.00 336.00,379.00M 338.33,397.33
           C 338.67,397.33 334.33,396.67 334.33,396.67M 346.33,404.33
           C 346.33,404.33 345.00,412.00 345.00,412.00
             345.00,412.00 343.33,414.33 343.33,414.33
             343.33,414.33 337.67,417.00 337.67,417.00
             337.67,417.00 333.33,416.67 333.33,416.67
             333.33,416.67 328.33,413.67 328.33,413.67
             328.33,413.67 326.00,413.00 326.00,413.00
             326.00,413.00 322.00,412.33 322.00,412.33
             322.00,412.33 320.00,414.33 320.00,414.67M 333.67,421.33
           C 333.67,421.33 333.67,424.33 333.67,424.33
             333.67,424.33 333.67,428.67 333.67,428.67
             333.67,428.67 332.33,434.33 332.33,435.00
             332.33,435.67 331.67,438.00 331.67,438.33
             331.67,438.67 333.00,446.00 333.00,446.33
             333.00,446.67 334.67,449.33 334.67,449.67
             334.67,450.00 333.67,454.33 333.67,455.00
             333.67,455.67 332.67,461.33 332.67,461.33
             332.67,461.33 330.67,464.67 330.67,464.67
             330.67,464.67 328.00,467.33 328.00,467.33
             328.00,467.33 327.00,468.67 326.67,469.33
             325.33,472.00 323.67,475.33 323.67,475.33
             323.67,475.33 322.33,477.67 322.33,477.67
             322.33,477.67 321.00,479.33 320.33,479.67
             319.67,480.00 318.33,481.00 318.00,481.67
             317.67,482.33 316.33,484.00 316.33,484.00
             316.33,484.00 314.67,485.67 314.67,485.67
             314.67,485.67 311.33,488.33 311.33,488.33M 311.33,493.67
           C 311.33,493.67 309.00,495.00 308.67,495.00
             308.33,495.00 304.00,498.00 304.00,498.00
             304.00,498.00 300.33,503.33 300.33,503.33
             300.33,503.33 297.00,506.67 296.67,506.67
             296.33,506.67 294.67,508.67 294.67,508.67
             294.67,508.67 293.00,510.33 293.00,510.33
             293.00,510.33 289.33,512.33 289.33,512.33" />
</svg>
