<?xml version="1.0" encoding="UTF-8" standalone="no"?>
<!DOCTYPE svg PUBLIC "-//W3C//DTD SVG 20010904//EN"
              "http://www.w3.org/TR/2001/REC-SVG-20010904/DTD/svg10.dtd">

<svg xmlns="http://www.w3.org/2000/svg"
     width="67.2135mm" height="19.5819mm"
     viewBox="0 0 254 74">
  <path id="Namnlös #1"
        fill="none" stroke="black" stroke-width="1"
        d="M 115.00,63.00
           C 115.00,63.00 116.75,59.25 116.75,59.25
             116.75,59.25 118.00,55.75 118.25,55.75
             118.50,55.75 121.00,51.25 121.00,51.25
             121.00,51.25 121.25,47.75 121.25,47.50
             121.25,47.25 121.50,41.75 121.50,41.75
             121.50,41.75 121.50,40.00 122.25,40.00
             123.00,40.00 130.00,42.00 130.25,42.25
             130.50,42.50 137.75,44.75 138.00,44.75
             138.25,44.75 140.25,45.50 140.25,45.50M 123.50,42.50
           C 123.75,42.50 145.25,49.25 145.25,49.25
             145.25,49.25 149.00,49.25 149.25,49.25
             149.50,49.25 154.50,50.75 155.75,51.00
             157.00,51.25 164.50,51.25 164.50,51.25
             164.50,51.25 166.75,50.75 167.75,50.50
             168.75,50.25 171.50,49.50 172.00,49.50
             172.50,49.50 176.75,48.50 177.00,48.50
             177.25,48.50 183.00,50.75 182.75,51.00
             182.50,51.25 181.25,56.00 180.75,56.75
             177.96,60.59 171.86,60.46 170.25,61.00
             168.75,61.75 164.50,62.50 163.00,63.00
             161.25,64.00 157.00,64.00 154.25,64.75
             151.50,65.50 144.25,67.25 141.75,67.50
             139.25,67.75 135.50,67.50 134.25,67.75
             133.00,68.00 130.00,69.25 126.25,69.50
             122.50,69.75 116.25,68.25 116.25,68.25
             116.25,68.25 113.50,67.25 113.50,67.25M 126.75,68.00
           C 127.00,68.00 148.00,67.75 148.00,67.75M 158.00,65.50M 171.25,63.00M 121.25,67.50
           C 121.25,67.50 119.00,67.00 119.00,67.00
             119.00,67.00 117.25,66.25 117.25,66.25M 176.50,58.00
           C 176.50,58.00 173.75,57.50 173.75,57.75" />
</svg>
