<?xml version="1.0" encoding="UTF-8" standalone="no"?>
<!DOCTYPE svg PUBLIC "-//W3C//DTD SVG 20010904//EN"
              "http://www.w3.org/TR/2001/REC-SVG-20010904/DTD/svg10.dtd">

<svg xmlns="http://www.w3.org/2000/svg"
     width="67.2135mm" height="19.5819mm"
     viewBox="0 0 254 74">
  <path id="Namnlös"
        fill="none" stroke="black" stroke-width="1"
        d="M 12.25,21.25
           C 12.25,21.25 12.25,24.50 12.25,24.50
             12.25,24.50 17.50,23.25 17.50,23.25
             17.50,23.25 19.50,23.25 20.00,23.25
             20.50,23.25 21.00,23.75 21.50,25.25
             22.00,26.75 22.00,28.75 22.00,29.75
             21.25,33.75 20.00,35.25 19.50,35.75
             19.00,36.25 17.25,36.25 17.25,36.25
             17.25,36.25 15.00,35.25 15.00,35.25
             15.00,35.25 13.75,33.25 13.50,33.25
             13.25,33.25 10.00,34.00 10.00,34.50
             10.00,35.00 8.75,34.00 7.75,34.75
             6.75,35.50 11.25,37.75 11.25,38.25
             11.25,38.75 12.00,37.50 13.00,37.50
             14.00,37.50 14.25,37.50 14.75,39.25
             15.00,42.50 14.00,42.50 13.50,44.00
             12.25,48.50 12.25,49.75 12.25,50.00
             12.25,50.25 15.50,51.25 15.50,51.25
             15.50,51.25 18.25,52.00 18.50,52.00
             18.75,52.00 19.50,53.00 20.00,53.50
             20.50,54.00 22.50,56.75 23.00,56.75
             23.50,56.75 24.75,54.50 24.75,54.50
             24.75,54.50 24.75,51.00 24.75,51.00
             24.75,51.00 21.75,50.00 21.75,50.00
             21.75,50.00 20.50,49.75 20.00,49.75
             19.50,49.75 16.00,49.25 16.00,49.25
             16.00,49.25 19.50,44.00 19.75,44.00
             20.00,44.00 18.75,42.25 18.75,42.25
             18.75,42.25 16.25,40.00 16.25,39.75
             16.25,39.50 17.00,38.25 17.75,38.00
             18.50,37.75 23.00,35.25 23.00,35.25
             23.00,35.25 27.25,39.25 27.25,39.25
             27.25,39.25 28.00,42.00 28.25,42.50
             31.75,46.00 34.25,44.25 34.50,44.25
             34.75,44.25 36.00,42.75 36.00,42.75
             36.00,42.75 36.25,40.00 36.50,40.00
             36.75,40.00 35.00,37.50 35.00,37.50
             35.00,37.50 30.50,35.75 30.50,35.75
             30.50,35.75 27.25,34.50 27.25,34.50
             27.25,34.50 25.00,31.75 25.00,31.75M 22.25,20.00
           C 22.25,20.00 23.25,18.00 23.25,18.00
             23.25,18.00 23.25,15.00 23.25,15.00
             23.25,15.00 23.50,13.50 23.75,13.25
             24.00,13.00 25.75,8.50 26.00,8.50
             26.25,8.50 28.75,7.50 28.75,7.50
             28.75,7.50 31.00,6.50 31.25,6.25
             31.50,6.00 31.50,5.25 33.00,5.25
             34.50,5.25 37.25,7.25 37.75,7.50
             38.25,7.75 38.50,9.75 38.75,10.75
             39.00,11.75 39.00,15.00 38.75,15.75
             38.50,16.50 36.25,20.75 36.00,21.50
             35.50,24.00 36.25,24.75 36.50,25.25
             36.75,25.75 37.75,27.75 37.75,27.75
             37.75,27.75 38.50,28.25 39.50,28.50
             40.50,28.75 44.00,27.75 44.00,27.75
             44.00,27.75 44.00,25.50 44.00,25.50
             44.00,25.50 44.00,21.75 44.00,21.75
             44.00,21.75 44.50,19.25 44.50,19.25
             44.50,19.25 45.75,18.00 46.25,18.00
             46.75,18.00 51.25,15.50 51.50,15.50
             51.75,15.50 54.25,16.25 54.75,17.00
             55.25,17.75 55.25,20.00 55.25,20.50
             55.25,21.00 55.25,23.75 55.00,24.25
             54.75,24.75 53.25,26.50 53.00,27.25
             52.75,28.00 53.00,29.00 52.25,30.25
             51.50,31.50 50.25,32.25 49.50,33.25
             48.75,34.25 46.50,37.50 46.25,38.00
             45.50,40.75 45.25,42.75 45.50,43.75
             45.75,44.75 45.75,46.50 45.75,47.25
             45.75,48.00 45.25,50.25 45.50,50.50
             45.75,50.75 48.50,52.25 49.00,52.50
             51.50,53.50 54.50,53.25 54.50,53.25
             54.50,53.25 54.25,50.25 54.25,50.25
             54.25,50.25 49.00,47.75 49.00,47.75
             49.00,47.75 49.00,46.00 49.00,46.00
             49.00,46.00 48.75,41.75 48.75,41.75
             48.75,41.75 48.00,39.50 48.00,39.50
             48.00,39.50 49.25,37.25 49.25,37.25
             49.25,37.25 54.25,33.75 54.50,33.75
             54.75,33.75 57.75,32.50 57.75,32.50
             57.75,32.50 58.25,33.50 58.75,33.75
             59.25,34.00 60.25,36.75 60.50,37.00
             60.75,37.25 61.00,39.00 61.25,39.25
             61.50,39.50 61.50,42.25 61.50,42.75
             61.50,43.25 61.75,44.75 62.00,45.00
             62.25,45.25 62.75,46.50 63.50,46.50
             65.25,46.25 65.50,44.00 65.50,43.75
             65.50,43.50 64.50,40.50 64.50,40.50
             64.50,40.50 64.00,37.25 64.00,37.25
             64.00,37.25 63.75,34.50 63.75,34.50
             63.75,34.50 62.75,31.50 62.75,31.50
             62.75,31.50 62.75,25.00 62.75,25.00
             62.75,25.00 62.00,21.50 62.00,21.50
             62.00,21.50 62.75,16.75 63.00,16.50
             63.25,16.25 65.75,14.75 65.75,14.75
             67.50,20.00 70.50,11.51 70.50,11.50
             70.50,11.50 73.00,11.50 74.00,11.50
             75.00,11.50 79.50,12.75 79.75,13.25
             80.00,13.75 80.00,17.00 80.50,17.50
             81.00,18.00 82.25,21.50 82.50,21.75
             82.75,22.00 80.50,25.50 80.50,25.75
             80.50,26.00 81.00,28.25 81.00,28.50
             81.00,28.75 78.75,33.75 78.50,34.25
             78.25,34.75 77.50,35.25 77.25,36.25
             77.00,37.25 75.50,38.75 75.50,38.75
             75.50,38.75 74.00,42.50 74.00,42.50
             74.00,42.50 77.00,42.50 77.25,42.50
             77.50,42.50 79.75,40.50 79.75,40.25
             79.75,40.00 80.50,38.50 80.50,38.25
             80.50,38.00 81.00,33.75 81.50,33.75
             82.00,33.75 84.75,33.25 85.00,33.25
             85.25,33.25 88.75,33.75 88.75,33.75
             88.75,33.75 88.25,35.25 88.25,36.75
             88.25,38.25 88.25,40.50 88.50,41.50
             88.75,42.50 89.75,44.75 90.00,44.75
             90.25,44.75 91.25,44.00 91.50,43.75
             91.75,43.50 91.50,39.25 91.50,39.25
             91.50,39.25 90.25,34.25 90.25,34.25
             90.25,34.25 89.00,29.75 89.00,29.75
             89.00,29.75 88.75,28.00 88.75,28.00
             88.75,28.00 86.50,23.25 86.50,23.25
             86.50,23.25 86.25,20.75 86.25,20.75
             86.25,20.75 86.25,17.00 86.25,17.00
             86.25,17.00 86.00,14.00 86.00,13.75
             86.00,13.50 93.50,8.50 93.75,8.50
             94.00,8.50 96.50,8.00 97.00,8.00
             97.50,8.00 98.00,7.50 99.50,8.25
             101.00,9.00 103.75,11.50 104.00,11.75
             104.25,12.00 105.00,16.25 105.00,16.50
             105.00,16.75 107.00,18.75 107.00,18.75M 87.25,9.75M 105.50,25.50
           C 105.50,25.50 109.50,23.50 109.50,23.50
             109.50,23.50 108.25,21.75 108.25,21.75
             108.25,21.75 104.50,29.00 104.50,29.25
             104.50,29.50 105.50,30.75 105.50,30.75
             105.50,30.75 103.75,33.75 103.75,33.75
             103.75,33.75 103.75,35.00 103.75,35.75
             103.75,36.50 102.50,43.25 102.50,43.25
             102.50,43.25 105.75,42.00 105.75,42.00
             105.75,42.00 101.00,51.50 101.00,51.25
             101.00,51.00 99.50,49.00 99.50,49.00
             99.50,49.00 98.25,46.00 98.25,45.50
             98.25,45.00 97.25,43.25 97.25,43.25
             97.25,43.25 96.50,39.75 96.50,39.75
             96.50,39.75 95.75,36.25 96.25,35.75
             96.75,35.25 97.00,32.50 98.00,32.00
             99.00,31.50 100.25,30.00 100.50,29.75
             100.75,29.50 101.00,26.50 101.00,26.25
             101.00,26.00 100.75,22.00 101.00,21.50
             101.25,21.00 101.25,19.50 101.25,19.50
             101.25,19.50 100.50,16.25 100.25,16.00
             100.00,15.75 93.25,13.00 93.25,13.00
             93.25,13.00 90.25,14.00 90.00,14.25
             89.75,14.50 90.50,16.00 90.50,16.50
             90.50,17.00 90.50,18.75 90.75,19.25
             91.00,19.75 92.25,21.50 92.50,22.00
             92.75,22.50 92.75,23.75 93.00,24.75
             93.25,25.75 93.75,30.25 93.75,30.50
             93.75,30.75 95.00,31.75 95.00,31.75
             95.00,31.75 96.50,47.25 96.50,47.25
             96.50,47.25 92.75,49.25 92.75,49.25
             92.75,49.25 91.25,50.00 91.00,50.00
             90.75,50.00 88.50,50.00 88.50,50.00
             88.50,50.00 85.25,49.00 85.25,48.75
             85.25,48.50 84.75,44.75 84.75,44.50
             84.75,44.25 84.00,40.75 84.00,40.00
             84.00,39.25 83.25,37.75 83.25,37.75
             83.25,37.75 81.75,42.50 81.75,43.00
             81.75,43.50 81.50,44.75 80.75,45.25
             80.00,45.75 76.25,45.00 76.25,45.00
             76.25,45.00 69.75,41.25 70.00,41.00
             70.25,40.75 69.50,37.50 70.25,36.75
             71.00,36.00 72.25,34.00 72.75,33.75
             73.25,33.50 71.75,28.50 73.00,28.00
             74.25,27.50 76.00,26.75 76.25,26.75
             76.50,26.75 76.25,20.25 76.25,20.25
             76.25,20.25 74.75,16.50 74.75,16.50
             74.75,16.50 72.25,15.50 72.25,15.50M 68.00,23.50M 70.00,22.25M 69.00,18.25
           C 69.00,18.25 66.25,24.75 66.50,25.00
             66.75,25.25 67.25,27.00 67.50,27.50
             67.75,28.00 67.75,30.25 67.75,30.75
             67.75,31.25 67.50,32.75 67.75,33.25
             68.00,33.75 68.00,35.25 68.25,35.75
             68.50,36.25 69.25,45.00 69.25,45.50
             69.25,46.00 69.25,47.75 69.00,48.25
             68.75,48.75 68.25,50.00 67.75,50.25
             67.25,50.50 66.00,51.25 65.50,51.25
             65.00,51.25 62.75,51.25 62.75,51.25
             62.75,51.25 59.75,48.50 59.75,48.50
             59.75,48.50 58.50,47.00 58.50,47.00
             58.50,47.00 56.25,42.75 56.25,42.75
             56.25,42.75 56.00,39.50 56.00,39.50
             56.00,39.50 52.75,38.25 52.50,38.25
             52.25,38.25 52.25,40.50 52.25,41.00
             52.25,41.50 52.25,44.00 52.75,44.75
             53.25,45.50 54.25,48.25 55.00,48.75
             55.75,49.25 58.00,53.00 58.00,53.00
             58.00,53.00 57.75,55.00 57.75,55.25
             57.75,55.50 56.75,56.50 55.75,57.25
             54.75,58.00 51.00,58.00 51.00,58.00
             51.00,58.00 48.50,57.75 48.50,57.75
             48.50,57.75 46.50,56.75 46.50,56.75
             46.50,56.75 43.00,54.25 43.00,54.00
             43.00,53.75 41.75,49.00 41.75,49.00
             41.75,49.00 40.50,44.75 40.50,44.75
             40.50,44.75 41.25,39.25 41.25,39.25
             41.25,39.25 40.50,36.25 41.50,36.00
             42.50,35.75 42.25,33.25 43.50,33.00
             44.75,32.75 48.00,29.00 48.50,28.75
             49.00,28.50 50.75,27.25 50.75,27.25
             50.75,27.25 51.75,23.50 52.00,23.50
             52.25,23.50 51.00,22.00 51.00,22.00
             51.00,22.00 49.00,20.25 49.00,20.25
             49.00,20.25 47.75,22.75 47.75,23.75M 37.00,33.25
           C 37.00,33.50 40.00,33.75 40.00,33.75
             40.00,33.75 35.25,32.50 35.25,32.50
             35.25,32.50 33.75,29.50 33.75,29.50
             33.75,29.50 31.75,26.75 31.75,26.75
             31.75,26.75 32.00,23.25 32.00,23.25
             32.00,23.25 34.75,18.50 34.75,18.50
             34.75,18.50 33.25,15.25 33.75,15.00
             34.25,14.75 34.00,13.00 34.25,13.00
             34.50,13.00 34.25,9.00 34.25,9.00
             34.25,9.00 30.75,8.75 30.50,9.00
             30.25,9.25 28.75,13.25 28.75,14.00
             28.75,14.75 27.75,16.50 27.50,17.75
             27.25,19.00 27.50,22.00 27.75,23.50
             28.00,25.00 27.75,29.50 28.25,29.75
             28.75,30.00 31.75,31.75 32.50,31.75
             33.25,31.75 39.00,36.75 39.00,36.75M 34.75,49.75
           C 34.50,49.75 31.75,49.75 31.75,49.75
             31.75,49.75 29.25,49.00 29.25,49.00
             29.25,49.00 28.25,46.25 28.25,46.25
             28.25,46.25 22.75,41.25 22.75,41.25
             22.75,41.25 21.25,41.50 21.25,41.50
             21.25,41.50 20.50,46.50 20.75,46.75
             21.00,47.00 24.75,48.00 24.75,48.00
             24.75,48.00 27.25,48.50 27.50,48.75
             27.75,49.00 28.50,51.25 28.50,52.00
             28.50,52.75 27.75,54.75 27.50,55.00
             27.25,55.25 26.75,57.75 26.50,58.00
             26.25,58.25 24.25,60.00 23.75,60.00
             23.25,60.00 20.00,59.25 20.00,59.25
             20.00,59.25 18.75,55.50 18.75,55.50
             18.75,55.50 17.25,54.25 17.25,54.25
             17.25,54.25 15.50,54.00 15.50,54.00
             15.50,54.00 12.00,53.75 12.00,53.75
             12.00,53.75 9.50,53.00 9.50,53.00
             9.50,53.00 8.00,49.00 8.00,49.00
             8.00,49.00 7.25,44.75 7.25,44.75
             7.25,44.75 9.25,42.75 9.25,42.75
             9.25,42.75 9.50,42.25 11.00,42.00
             12.50,41.75 6.75,39.75 6.75,39.75
             6.75,39.75 3.75,39.50 3.75,39.50
             3.75,39.50 2.25,36.25 2.25,36.25
             2.25,36.25 2.75,34.50 3.00,34.50
             3.25,34.50 7.25,31.50 7.25,31.50
             7.25,31.50 10.00,31.25 10.25,31.50
             10.50,31.75 13.00,29.50 13.00,29.50M 104.75,54.00
           C 104.75,54.00 105.75,49.50 105.75,49.50
             105.75,49.50 107.75,47.25 107.75,47.25
             107.75,47.25 108.00,45.25 108.00,45.25" />
</svg>
