<?xml version="1.0" encoding="UTF-8" standalone="no"?>
<!DOCTYPE svg PUBLIC "-//W3C//DTD SVG 20010904//EN"
              "http://www.w3.org/TR/2001/REC-SVG-20010904/DTD/svg10.dtd">

<svg xmlns="http://www.w3.org/2000/svg"
     width="137.073mm" height="144.483mm"
     viewBox="0 0 518 546">
  <path id="Namnlös #3"
        fill="none" stroke="black" stroke-width="1"
        d="M 231.33,507.67
           C 231.33,507.67 227.67,504.00 228.00,503.67
             228.33,503.33 227.00,499.00 227.00,499.00
             227.00,499.00 221.33,494.67 221.33,494.67
             221.33,494.67 220.67,489.67 220.67,489.67
             220.67,489.67 219.33,486.33 219.33,486.33
             219.33,486.33 215.67,482.67 216.33,482.67
             217.00,482.67 214.67,478.67 214.67,478.67
             214.67,478.67 210.67,476.33 210.67,476.33
             210.67,476.33 206.67,471.33 206.67,471.00
             206.67,470.67 201.33,465.67 201.33,465.33
             201.33,465.00 195.33,458.00 195.33,458.00
             195.33,458.00 194.33,451.00 194.33,451.00
             194.33,451.00 191.33,442.67 191.33,443.00
             191.33,443.33 190.33,437.33 190.33,437.33
             190.33,437.33 187.67,432.00 187.67,432.00
             187.67,432.00 187.67,428.00 187.67,428.00
             187.67,428.00 185.00,423.33 185.00,423.33
             185.00,423.33 183.00,419.33 183.00,419.33
             183.00,419.33 184.33,417.00 184.33,417.00
             184.33,417.00 184.67,412.67 184.67,412.67
             184.67,412.67 185.00,409.67 185.00,409.67
             185.00,409.67 182.33,408.67 182.33,408.67
             182.33,408.67 178.33,407.33 178.33,407.33
             178.33,407.33 176.33,405.33 176.33,405.00
             176.33,404.67 175.67,400.00 176.00,400.00
             176.33,400.00 181.67,402.00 182.00,402.33
             182.33,402.67 187.33,405.00 187.67,405.33
             188.00,405.67 190.33,412.00 190.33,412.00
             190.33,412.00 189.33,417.33 189.00,417.33
             188.67,417.33 187.67,420.33 187.67,420.33
             187.67,420.33 190.00,426.00 190.00,426.00
             190.00,426.00 191.00,428.33 191.00,428.33
             191.00,428.33 193.00,432.00 193.00,432.00
             193.00,432.00 192.33,435.33 192.67,435.33
             193.00,435.33 195.00,438.67 195.33,438.67
             195.67,438.67 198.00,441.33 198.00,441.33
             198.00,441.33 200.33,444.00 200.67,444.00
             204.70,441.23 204.39,447.71 204.00,448.00
             204.00,448.00 205.67,448.00 206.00,448.33
             206.33,448.67 209.67,453.67 210.00,453.67
             210.33,453.67 212.00,456.33 212.33,457.00
             212.67,457.67 215.33,463.67 215.33,463.67
             215.33,463.67 218.00,467.67 218.00,467.67
             218.00,467.67 220.67,471.00 220.67,471.33
             220.67,471.67 222.00,473.33 222.00,473.33
             222.00,473.33 223.33,475.00 223.33,475.33
             223.33,475.67 223.67,481.33 223.67,481.33
             223.67,481.33 225.67,485.33 225.67,485.33
             225.67,485.33 228.33,491.00 228.33,491.00
             228.33,491.00 229.33,494.33 229.33,494.33
             229.33,494.33 230.00,485.67 230.00,485.67
             230.00,485.67 229.00,478.33 229.00,478.33
             229.00,478.33 229.33,473.33 229.33,473.00
             229.33,472.67 226.67,466.33 226.67,466.33
             226.67,466.33 222.00,459.67 222.00,459.67
             222.00,459.67 216.33,451.67 216.33,451.33
             216.33,451.00 216.33,446.67 216.33,446.33
             216.33,446.00 217.00,443.33 217.00,443.00
             217.00,442.67 213.00,437.00 213.00,437.00
             213.00,437.00 208.33,431.67 208.33,431.33
             208.33,431.00 203.67,424.67 204.00,424.33
             204.33,424.00 202.00,420.00 202.00,419.67
             202.00,419.33 202.00,413.00 202.00,413.00
             202.00,413.00 201.67,409.00 202.33,408.67
             203.00,408.33 202.33,404.67 202.33,404.33
             202.33,404.00 200.00,398.33 200.00,398.33
             200.00,398.33 198.00,396.33 198.00,396.33
             198.00,396.33 194.33,394.67 194.33,394.67
             194.33,394.67 188.00,391.00 188.00,391.00
             188.00,391.00 188.33,386.67 189.00,386.33
             189.67,386.00 190.33,383.00 190.33,382.33
             190.33,381.67 190.33,373.00 190.33,373.00
             190.33,373.00 187.67,372.33 187.67,373.00
             187.67,373.67 185.33,381.33 186.00,381.67
             186.67,382.00 184.00,387.33 184.00,387.33
             184.00,387.33 183.67,392.67 184.00,393.00
             184.33,393.33 187.00,397.00 187.67,397.33
             188.33,397.67 191.33,400.00 191.67,400.00
             192.00,400.00 195.33,400.33 195.33,400.67
             195.33,401.00 198.33,405.00 198.33,405.00
             198.33,405.00 196.00,408.33 196.00,408.33
             196.00,408.33 196.33,411.33 196.00,411.67
             195.67,412.00 194.67,415.33 194.67,415.33
             194.67,415.33 195.33,419.00 195.33,419.00
             195.33,419.00 197.67,423.00 197.67,423.00
             197.67,423.00 197.33,425.67 197.33,425.67
             197.33,425.67 199.33,428.33 200.00,428.33
             200.67,428.33 203.00,435.00 203.00,435.00
             203.00,435.00 203.00,438.33 203.00,439.00M 217.00,435.33
           C 217.00,435.33 217.00,429.00 217.00,429.00
             217.00,429.00 215.67,423.00 215.67,423.00
             215.67,423.00 215.67,414.67 216.00,414.00
             216.33,413.33 214.33,407.00 214.33,407.00
             214.33,407.00 215.33,403.33 215.67,403.33
             216.00,403.33 215.67,399.00 215.67,399.00
             215.67,399.00 214.33,393.00 214.33,393.00
             214.33,393.00 213.00,389.00 213.00,389.00
             213.00,389.00 209.67,387.00 209.67,387.00
             209.67,387.00 207.00,386.33 207.00,386.33
             207.00,386.33 204.33,383.33 204.33,383.33
             204.33,383.33 206.00,382.00 206.00,382.00
             206.00,382.00 207.00,374.00 207.33,374.00
             207.67,374.00 211.00,376.33 211.00,376.33
             211.00,376.33 211.00,382.67 211.00,382.67
             211.00,382.67 215.33,384.33 215.33,384.33
             215.33,384.33 218.00,385.33 218.00,386.33
             218.00,387.33 218.33,389.67 218.33,391.00
             218.33,392.33 219.00,397.67 219.00,398.00
             219.00,398.33 219.00,403.33 219.00,403.33
             219.00,403.33 217.67,408.00 217.67,408.00
             217.67,408.00 218.67,412.00 218.67,412.33
             218.67,412.67 218.67,418.00 218.67,418.00
             218.67,418.00 220.00,423.33 220.33,423.33
             220.67,423.33 223.33,426.33 223.67,426.67
             224.00,427.00 225.00,433.00 225.33,433.33
             225.67,433.67 228.33,437.00 228.33,437.00
             228.33,437.00 229.00,443.33 229.00,443.67
             229.00,444.00 231.33,449.67 231.67,449.67
             232.00,449.67 233.33,456.33 233.33,456.33
             233.33,456.33 236.00,464.67 236.00,464.67
             236.00,464.67 236.33,470.00 236.67,470.00
             237.00,470.00 236.33,477.00 236.33,477.33
             236.33,477.67 236.33,483.33 236.33,483.33
             236.33,483.33 235.67,487.00 235.67,487.00
             235.67,487.00 234.33,489.67 234.33,489.67" />
</svg>
